0 17352 12053 11716 13257 10546 11754 9891 13223 10532 13317 6493 9088 10100 12016 15698 12829 5748 973 10162 8940 12050 12225 9462 12548 4408 13675 7526 10195 9748 13423 13473 12664 2522 17411 13958 10139 10447 2317 10155 9053 13937 18338 8463 10408 2467 10513 12203 9872 12754 8179 1604 13270 7855 11061 9824 352 12149 14228 10022 663 10435 9172 9705 9933 9802 9743 10093 16147 4604 8183 16236 13767 12303 8581 14111 16652 9186 10797 971 10601 9455 18522 14617 8917 12687 1191 13276 1427 15578 17053 9307 16242 10208 2664 8093 1771 9257 11876 12572 17085 3127 7888 2790 3179 12121 9407 11471 14406 381 15487 14298 9832 9068 13496 10610 12062 5210 11667 718 10042 14752 17118 10184 10323 1924 13687 13506 5559 12660 10961 8081 10634 8175 5518 14875 13471 15708 8505 12973 17423 10815 14707 12377 10637 16494 8897 11781 9368 3269 17820 3647 9047 12632
17352 0 7374 7389 8026 8527 7540 9003 6192 10113 6407 13570 9556 10464 7316 5237 8097 16927 16389 8618 11457 5443 7032 9390 6357 17512 3815 12699 8648 9241 8366 5053 8475 14997 2699 3455 8237 8586 19639 8829 10622 4329 986 10629 8563 17014 8033 7279 10301 9016 10356 16495 8303 10223 9922 9013 17583 9971 6499 8627 16689 8662 9566 9725 9005 9276 8596 9246 2909 17889 11272 1820 5795 8077 12021 5513 853 9146 8211 16445 9172 9234 1253 7259 9958 6589 18107 4235 18771 2788 392 9182 1977 8300 16681 12380 16494 11313 7827 8970 3646 17229 12649 17386 14906 6749 11135 9970 5289 16971 5795 4450 8909 11529 7037 10393 7411 17421 9297 16708 8214 4790 566 8257 8709 17707 5854 5651 17054 9453 7775 11026 8239 12467 11841 2591 7524 6348 9983 5280 1393 7979 4159 6567 8546 1413 10131 9373 9497 14084 1782 18717 9659 8442
12053 7374 0 779 4261 1607 390 2342 1207 3616 1317 6197 3296 3735 219 12217 3414 12847 11906 2268 4346 5884 471 2754 1433 10577 5925 5381 2154 2388 5628 2803 3967 12378 5405 8199 3060 1730 12452 2026 3249 3642 7572 3591 1826 9979 2487 179 3157 5704 4184 10450 5027 5162 4119 2459 11878 7070 3191 2575 11873 1686 3117 2401 2263 2287 3362 1970 4506 11686 3970 8932 1718 2183 5010 2059 6758 3725 1474 12148 1853 2941 7917 5774 3228 803 11555 8994 12312 4677 7602 3354 5441 2730 9676 5216 10283 4394 713 5074 5091 9895 5498 10112 8993 1357 4220 5142 2353 11957 4602 3025 2573 4596 2593 4409 107 13399 16306 12191 3401 12142 6819 2889 1837 10732 1639 1735 11928 6885 1858 3972 1787 5424 9568 6244 3566 6282 3971 3202 8750 1814 3237 1260 1446 6046 3175 4248 2826 10802 8989 11771 3257 3810
11716 7389 779 0 5040 1180 456 1833 1553 4193 1915 6255 2724 4246 570 12441 4190 13230 11464 1643 4683 5251 570 2263 1064 10757 5475 5546 1565 1970 6408 2495 4739 11786 5700 7790 2301 1271 12396 1560 3319 3342 7712 3312 1309 9812 1730 936 3539 6478 3640 10116 5807 4488 4786 1918 11578 7834 3918 1902 11466 1304 2586 2359 1784 1940 2623 1868 4631 11922 3884 8815 2124 2944 5363 2463 6698 3026 920 11704 2187 2354 8074 6532 2798 990 11349 8527 12143 4615 7573 2694 5416 1991 9495 5493 9966 4808 1411 5843 5523 9843 5772 10027 8580 778 4645 5861 2763 11578 5280 2940 1970 4997 3356 5036 881 13711 16597 11774 2633 12063 6824 2138 1395 10569 2040 1812 12283 7659 1096 3709 1144 5748 8837 5949 4343 6992 3382 2723 8781 1091 3240 848 1158 6006 2842 4978 2353 10181 9087 11888 2721 4581
13257 8026 4261 5040 0 5499 4616 6163 4189 2929 3541 6941 7084 3375 4473 10591 907 10302 13757 6296 4529 9617 4598 6453 5332 9492 8964 5914 6142 6030 1369 6108 643 15083 5328 10680 7277 5626 12057 5852 5229 6666 7539 6533 5773 10803 6712 4111 3971 1537 7775 12039 768 9066 2222 6315 12925 2965 1793 6652 13528 5493 6836 5211 6050 5823 7530 5169 5670 10064 6147 9829 3943 2199 4744 3900 7942 7782 5542 13952 4105 6810 7698 1892 6681 4499 12179 11623 12530 6537 8406 7341 6880 6918 10646 5260 11815 4127 3716 1077 4386 10156 5430 10488 11290 5481 4008 1944 3856 13421 2287 5657 6523 4288 1833 2655 4160 11055 13363 13818 7634 12018 7682 7095 5678 11348 3973 4750 9688 2676 6098 6743 5899 5119 13521 8596 780 2896 7717 6810 8944 6014 5492 5267 5229 7353 6395 1476 6472 13971 8785 10706 6965 742
10546 8527 1607 1180 5499 0 1246 739 2686 3918 2922 5204 1705 3837 1508 13620 4597 12389 10331 801 3972 5717 1682 1146 2169 9749 6260 4600 642 800 6850 3530 5069 10772 6874 8579 1902 130 11244 419 2364 4350 8885 2134 274 8639 1422 1783 2968 6784 2578 8943 6235 3638 4689 868 10401 8025 4723 1163 10318 140 1512 1372 655 761 2070 897 5807 10949 2776 9873 3248 3300 4644 3592 7806 2283 332 10572 1747 1367 9249 7194 1641 2141 10170 9222 10967 5741 8691 1852 6549 1515 8319 4671 8791 4204 1840 6119 6656 8702 4939 8874 7430 1783 4065 5885 3893 10419 6178 4079 1033 4362 4050 4825 1656 12783 17777 10630 2274 13118 7960 1710 230 9395 3165 2993 11425 7947 1054 2532 546 4977 8104 6900 4905 7813 2382 3580 9920 831 4400 1960 281 7129 1661 5075 1220 9206 10246 10824 1653 4911
11754 7540 390 456 4616 1246 0 1972 1469 3761 1680 6052 2917 3834 263 12480 3755 12882 11572 1880 4340 5689 508 2390 1362 10500 5849 5286 1769 2039 5985 2791 4296 12003 5683 8150 2682 1364 12267 1662 3096 3641 7793 3295 1449 9742 2110 568 3172 6037 3813 10150 5380 4772 4335 2083 11592 7386 3581 2185 11550 1337 2746 2188 1898 1957 2976 1723 4712 11640 3751 9039 2017 2496 5015 2361 6888 3335 1088 11813 1827 2559 8146 6158 2882 965 11305 8912 12079 4799 7748 2964 5583 2346 9433 5179 9989 4433 956 5398 5418 9707 5460 9910 8664 1173 4266 5405 2661 11643 4990 3127 2188 4628 2976 4593 472 13396 16606 11865 3028 12274 6979 2508 1476 10498 1935 1892 11946 7218 1485 3683 1397 5413 9178 6255 3936 6673 3591 3099 8926 1429 3381 1159 1117 6183 2858 4522 2466 10420 9195 11665 2885 4138
9891 9003 2342 1833 6163 739 1972 0 3379 4319 3652 4920 968 4165 2230 14183 5256 12224 9633 451 4080 5648 2375 430 2705 9459 6405 4462 361 316 7497 3952 5699 10035 7521 8687 1537 613 10743 325 2328 4723 9437 1638 528 8093 1248 2519 3237 7385 1842 8295 6882 2925 5157 155 9764 8567 5458 708 9632 693 774 1439 117 513 1572 1136 6386 10682 2474 10225 3947 3968 4721 4290 8243 1648 914 9873 2212 649 9808 7898 982 2821 9586 9244 10399 6220 9133 1186 7033 1180 7767 4657 8152 4386 2561 6716 7354 8239 4906 8383 6746 2286 4270 6383 4591 9746 6917 4596 409 4515 4775 5231 2395 12536 18297 9941 1883 13434 8438 1362 516 8845 3863 3617 11259 8529 1242 2029 769 4999 7399 7173 5601 8544 1644 3861 10388 1026 4950 2514 964 7592 1136 5620 523 8466 10757 10458 915 5543
13223 6192 1207 1553 4189 2686 1469 3379 0 4407 648 7378 4276 4621 1210 11018 3498 13718 13012 3192 5395 5485 1005 3807 1204 11673 5178 6525 3118 3487 5486 2044 4088 13312 4214 7341 3680 2793 13646 3090 4443 2791 6365 4764 2851 11186 3139 1092 4201 5722 5193 11618 4940 5981 4697 3469 13062 7146 2689 3427 13004 2791 4138 3609 3321 3421 4046 3170 3306 12728 5177 7802 572 2553 6033 911 5611 4508 2465 13252 2985 3906 6710 5346 4327 565 12760 8201 13519 3555 6436 4216 4288 3433 10881 6296 11459 5371 1658 5168 3975 11094 6576 11316 10116 1492 5192 5511 1211 13105 3875 1979 3521 5584 2357 5070 1228 14342 15136 13316 3957 10976 5643 3547 2913 11939 487 686 12851 6862 2536 5152 2693 6464 10196 5289 3416 5626 4930 2662 7559 2598 2108 1216 2585 4895 4325 4612 3893 11694 7785 12897 4273 3947
10532 10113 3616 4193 2929 3918 3761 4319 4407 0 3939 4067 5019 447 3807 13508 2307 9313 10905 4643 1617 9444 4088 4433 5049 7485 9523 3029 4476 4066 3852 6368 2285 12158 7531 11745 5798 4006 9851 4096 2558 7175 9905 4012 4160 8070 5340 3583 1229 3463 5446 9181 3336 6857 928 4468 10228 4365 3748 4992 10706 3835 4755 2962 4204 3836 5890 3183 7290 8409 3381 11901 4574 2047 1973 4769 9744 5913 4137 11115 2170 4873 10149 4770 4428 4317 9574 12583 10092 7838 10441 5442 8461 5412 7869 2440 8961 1277 2910 2850 6750 7570 2660 7878 8361 4932 1125 2153 4927 10637 4970 6378 4728 1475 3101 912 3520 9938 15904 11014 6164 14672 9639 5607 3989 8703 4544 5091 8445 4448 4891 4111 4456 2406 11024 9693 2950 5822 5518 6818 11301 4704 6441 4874 3650 9045 4051 1642 4404 11082 11294 8755 4851 2202
13317 6407 1317 1915 3541 2922 1680 3652 648 3939 0 7208 4595 4198 1424 10993 2857 13206 13215 3539 5073 6125 1348 4069 1822 11340 5749 6295 3440 3706 4843 2655 3446 13681 4193 7853 4172 3042 13471 3340 4342 3356 6465 4879 3130 11141 3611 1147 3898 5073 5494 11721 4292 6404 4140 3763 13121 6498 2086 3816 13171 3004 4426 3613 3577 3601 4518 3230 3498 12334 5156 8097 638 1987 5680 894 5902 4940 2761 13457 2811 4233 6789 4746 4546 1047 12732 8735 13448 3912 6684 4607 4586 3890 10852 5991 11546 4993 1470 4522 3796 10954 6266 11201 10298 2055 4813 4895 1142 13242 3370 2462 3856 5209 1710 4536 1284 13863 15015 13491 4474 11191 5878 4023 3152 11883 604 1269 12372 6214 2985 5250 3043 6121 10718 5766 2768 5100 5266 3301 7736 3005 2501 1799 2763 5187 4481 4002 4142 12089 7902 12591 4566 3308
6493 13570 6197 6255 6941 5204 6052 4920 7378 4067 7208 0 4773 3625 6265 17489 6375 7323 6839 5365 2455 10314 6556 4636 7317 4550 11304 1039 5277 4624 7569 8725 6306 8163 11324 13524 6192 5176 6273 4993 2956 9553 13665 3349 5241 4063 6122 6290 3417 6998 4381 5114 7188 5457 4728 4969 6206 7211 7737 5503 6638 5063 4633 3896 4877 4519 5978 4390 10678 5765 2451 15068 7797 5834 2217 8099 12940 5587 5536 7047 4407 4962 13972 8663 4146 6988 5630 13917 6269 10851 13798 5292 11633 5952 3831 1690 4893 2817 5757 6557 10680 3746 1570 4006 4479 6968 2948 5512 8349 6576 9035 9177 5162 2653 7017 4333 6159 7617 16703 6948 6407 18318 13017 6080 5064 4754 7733 7927 6365 7555 6138 3019 5609 1912 8063 12085 7016 9775 4717 8760 14934 5907 9428 7101 5123 12235 3826 5504 4532 7336 15104 5633 4603 6244
9088 9556 3296 2724 7084 1705 2917 968 4276 5019 4595 4773 0 4796 3170 14793 6176 12065 8760 1089 4478 5558 3286 631 3460 9189 6571 4536 1160 1053 8399 4536 6593 9085 8328 8750 1430 1576 10160 1294 2696 5226 10092 1469 1470 7476 1522 3475 3846 8242 920 7513 7787 1982 5905 838 8991 9354 6426 946 8782 1661 264 2057 1066 1265 1210 1938 7110 10420 2474 10587 4848 4900 5056 5185 8752 947 1833 8997 3038 371 10469 8849 693 3711 8896 9185 9723 6817 9638 534 7623 1266 7145 4882 7388 4855 3527 7574 8236 7743 5098 7845 5915 3032 4769 7145 5485 8915 7883 5273 757 4946 5741 5915 3354 12263 18537 9082 1635 13679 9001 1348 1485 8212 4764 4434 11121 9360 1875 1755 1584 5257 6453 7486 6548 9511 677 4288 10910 1729 5658 3293 1930 8146 1101 6436 627 7506 11335 10065 189 6440
10100 10464 3735 4246 3375 3837 3834 4165 4621 447 4198 3625 4796 0 3911 13955 2749 9130 10461 4520 1172 9469 4204 4235 5163 7168 9661 2586 4356 3893 4265 6526 2731 11711 7916 11924 5677 3913 9485 3970 2231 7350 10295 3699 4063 7642 5252 3724 950 3847 5157 8737 3764 6575 1303 4309 9799 4663 4161 4857 10264 3741 4535 2759 4053 3665 5736 3041 7611 8136 3003 12234 4836 2387 1574 5053 10060 5714 4084 10672 2119 4682 10548 5208 4175 4476 9157 12729 9694 8110 10783 5246 8762 5297 7435 2016 8517 864 3050 3253 7157 7163 2248 7467 7916 5007 698 2474 5230 10198 5409 6600 4573 1073 3491 1146 3646 9725 16225 10573 6037 15080 9977 5490 3881 8283 4799 5296 8236 4784 4849 3766 4383 2016 10656 9908 3391 6266 5257 6926 11681 4649 6692 4976 3582 9354 3784 2057 4196 10649 11695 8434 4622 2649
12016 7316 219 570 4473 1508 263 2230 1210 3807 1424 6265 3170 3911 0 12226 3630 13004 11836 2121 4481 5676 306 2651 1251 10683 5752 5475 2017 2303 5840 2650 4186 12256 5424 8037 2866 1624 12498 1923 3309 3495 7549 3555 1706 9990 2293 365 3299 5921 4070 10412 5240 5005 4328 2339 11852 7289 3365 2414 11814 1601 3003 2423 2159 2221 3177 1969 4472 11807 3991 8842 1753 2403 5151 2098 6678 3557 1337 12077 1973 2809 7900 5966 3146 727 11557 8820 12326 4592 7533 3199 5368 2545 9682 5338 10250 4548 920 5293 5154 9939 5620 10147 8928 1145 4377 5359 2397 11907 4755 2927 2434 4748 2788 4611 326 13541 16345 12129 3202 12066 6757 2698 1738 10745 1672 1665 12078 7102 1661 3942 1630 5558 9389 6105 3773 6450 3842 3017 8699 1632 3163 1067 1380 5970 3121 4466 2728 10668 8957 11863 3143 4029
15698 5237 12217 12441 10591 13620 12480 14183 11018 13508 10993 17489 14793 13955 12226 0 11226 12704 15561 13826 15119 9983 11985 14590 11482 15578 8566 16494 13839 14388 9919 10269 11232 14353 6813 6832 13461 13700 15074 13970 15276 9567 4746 15753 13705 17751 13270 12078 14366 10496 15583 17245 10306 15194 12783 14211 15913 10389 10009 13860 15710 13745 14793 14603 14169 14381 13805 14187 7813 14440 16145 4437 10501 11960 15276 10164 6051 14342 13329 15334 13730 14466 4376 8831 15159 11520 16238 6852 15441 7986 5173 14414 7175 13537 18078 15804 17446 14712 12448 10932 7246 17419 15919 17371 18050 11897 14598 11979 9877 15710 8608 9586 14129 14859 10767 13163 12220 12734 4157 15386 13405 2370 5791 13490 13825 17001 10578 10630 13509 10005 12983 16150 13413 15580 14151 7474 10596 7726 15206 10515 3900 13174 9235 11680 13577 6646 15277 12002 14694 15184 3457 15025 14892 11307
12829 8097 3414 4190 907 4597 3755 5256 3498 2307 2857 6375 6176 2749 3630 11226 0 10616 13210 5395 3921 8982 3781 5545 4579 9422 8504 5336 5239 5122 2256 5499 589 14400 5417 10410 6394 4722 11931 4946 4402 6139 7743 5660 4871 10362 5833 3274 3202 2292 6874 11486 1641 8158 1839 5408 12517 3686 1600 5752 13013 4587 5929 4321 5143 4916 6637 4264 5494 10143 5335 9917 3348 1297 4247 3378 7888 6878 4648 13422 3208 5903 7951 2748 5781 3735 11832 11340 12287 6260 8459 6435 6716 6030 10171 4737 11267 3574 2834 1685 4551 9810 4941 10129 10587 4684 3430 2120 3401 12943 2664 5162 5617 3761 1252 2312 3310 11343 14235 13321 6755 12418 7689 6209 4772 10971 3363 4115 9907 3472 5227 5887 5007 4660 12617 8294 643 3661 6811 6158 9157 5133 5063 4491 4324 7243 5503 1315 5565 13172 9079 10677 6059 455
5748 16927 12847 13230 10302 12389 12882 12224 13718 9313 13206 7323 12065 9130 13004 12704 10616 0 6705 12673 8547 17335 13307 11958 14244 2924 18627 7794 12572 11918 9491 15650 10081 8004 15092 18969 13495 12391 3443 12255 10025 16480 15941 10671 12483 5466 13443 12850 9710 8940 11509 6444 9769 12128 9074 12283 5515 7685 12085 12826 6411 12251 11946 11018 12169 11785 13242 11503 15926 1735 9752 17126 13818 11221 7869 13938 17556 12782 12717 6634 11056 12279 15699 10388 11464 13606 4905 18070 4329 16839 17191 12562 17060 13273 5754 7748 6391 8456 12178 9230 14149 4771 7472 4836 7866 14007 8628 8499 14006 6128 12144 15668 12484 8257 11864 8669 12764 766 9385 6374 13673 14284 17091 13395 12293 4995 13803 14403 966 8166 13401 10329 12861 7482 11259 18898 11007 11058 11881 15942 16243 13167 15655 14042 12240 17339 11148 9325 11855 9017 15648 2460 11905 10177
973 16389 11906 11464 13757 10331 11572 9633 13012 10905 13215 6839 8760 10461 11836 15561 13210 6705 0 9848 9288 11176 12007 9204 12186 5321 12786 7876 9905 9533 14115 12937 13133 1629 16988 12985 9665 10221 3286 9923 9134 13296 17372 8342 10160 3027 10094 12070 10102 13457 7839 1724 13883 7319 11535 9546 1274 12987 14454 9663 327 10235 8880 9663 9691 9620 9266 10000 15596 5574 8219 15300 13579 12502 9015 13922 15724 8724 10547 242 10651 9131 17550 15303 8690 12454 2088 12310 2398 14884 16082 8906 15468 9785 3135 8504 1946 9654 11841 13197 16987 3834 8328 3498 2916 11765 9788 12093 14223 596 15855 13795 9516 9481 13690 11107 11932 6143 11793 379 9522 14196 16194 9735 10102 2664 13495 13186 6533 13488 10601 7983 10339 8639 4583 13966 13849 16429 8133 12363 16502 10483 14218 12038 10462 15639 8733 12290 9119 2323 16958 4616 8746 13079
10162 8618 2268 1643 6296 801 1880 451 3192 4643 3539 5365 1089 4520 2121 13826 5395 12673 9848 0 4500 5207 2210 773 2391 9898 5955 4913 168 764 7650 3565 5870 10146 7251 8235 1157 680 11118 550 2766 4316 9089 2058 526 8452 802 2448 3609 7584 2009 8578 7034 2896 5449 403 10054 8815 5448 363 9868 836 991 1846 523 938 1275 1480 6065 11123 2921 9799 3764 4097 5149 4099 7845 1494 797 10086 2492 717 9463 7967 1339 2626 9918 8797 10738 5844 8735 1088 6657 777 8123 5099 8445 4790 2611 6919 7147 8635 5350 8767 6995 1964 4667 6659 4398 9997 6871 4248 332 4927 4804 5555 2338 12978 17887 10169 1521 12996 8056 970 663 9199 3679 3350 11709 8745 844 2440 499 5437 7337 6735 5689 8543 1739 3434 9996 659 4617 2215 1080 7205 1558 5864 881 8549 10383 10880 1114 5712
8940 11457 4346 4683 4529 3972 4340 4080 5395 1617 5073 2455 4478 1172 4481 15119 3921 8547 9288 4500 0 9682 4787 4020 5702 6280 10153 1416 4353 3771 5323 7128 3887 10554 8995 12472 5613 4011 8457 3973 1788 7976 11372 3145 4139 6490 5293 4382 1195 4838 4616 7565 4865 6013 2367 4200 8645 5432 5301 4787 9093 3848 4237 2656 3985 3568 5577 3081 8560 7347 2246 13170 5703 3447 680 5960 10974 5425 4275 9500 2513 4462 11644 6329 3796 5140 8026 13177 8599 8948 11750 4987 9655 5260 6275 923 7345 479 3743 4298 8279 6056 1193 6350 6776 5462 534 3376 6171 9031 6579 7348 4459 480 4603 2053 4275 9060 16809 9403 5941 16177 10943 5442 3943 7149 5654 6035 7606 5644 5026 3090 4503 1077 9771 10587 4562 7409 4799 7404 12732 4801 7503 5496 3769 10259 3383 3149 3953 9552 12792 7520 4290 3813
12050 5443 5884 5251 9617 5717 5689 5648 5485 9444 6125 10314 5558 9469 5676 9983 8982 17335 11176 5207 9682 0 5424 5811 4495 14451 1632 10065 5345 5964 10807 3508 9572 10222 6297 3253 4183 5672 14195 5715 7974 3044 6379 7019 5543 11899 4406 5956 8668 11151 5969 11061 10329 5220 10002 5550 12206 12577 7914 4963 11422 5837 5727 7032 5731 6146 4348 6601 4985 15603 8008 5568 5674 7964 10345 5731 4638 4730 5429 11309 7356 5420 6692 10304 6221 5320 12665 3628 13370 4002 5283 5030 4358 4486 11600 10305 11081 9919 6596 10639 7016 12564 10552 12509 9541 4531 9776 10966 5819 11691 8497 4055 5309 10079 7797 10282 5987 17132 12979 11546 3924 8242 5088 4325 5738 12427 5646 4875 16515 12229 4665 7310 5180 10645 6644 2854 8836 10040 5613 2823 6385 4886 4334 4636 5939 4462 6589 10062 5902 8886 6967 14909 5736 9433
12225 7032 471 570 4598 1682 508 2375 1005 4088 1348 6556 3286 4204 306 11985 3781 13307 12007 2210 4787 5424 0 2803 961 10987 5456 5776 2126 2483 5956 2345 4349 12355 5201 7736 2839 1788 12776 2085 3600 3190 7288 3779 1848 10245 2272 535 3605 6073 4198 10622 5366 5057 4579 2470 12073 7459 3379 2472 11999 1790 3139 2696 2316 2423 3175 2230 4206 12113 4259 8542 1571 2594 5456 1914 6384 3592 1463 12247 2280 2918 7642 6014 3322 465 11803 8525 12581 4296 7242 3264 5077 2545 9933 5645 10465 4851 1182 5458 4979 10216 5927 10418 9111 917 4679 5578 2215 12102 4717 2628 2535 5052 2856 4877 569 13847 16125 12310 3156 11772 6471 2683 1908 11001 1488 1384 12383 7250 1642 4171 1711 5865 9385 5799 3874 6438 3948 2730 8418 1657 2874 791 1595 5678 3329 4680 2888 10752 8687 12162 3275 4194
9462 9390 2754 2263 6453 1146 2390 430 3807 4433 4069 4636 631 4235 2651 14590 5545 11958 9204 773 4020 5811 2803 0 3123 9149 6669 4257 751 423 7767 4336 5962 9627 7950 8920 1632 1026 10349 728 2235 5089 9846 1299 956 7688 1486 2930 3289 7616 1437 7867 7155 2612 5305 378 9337 8746 5834 869 9202 1077 387 1476 491 635 1557 1310 6804 10377 2218 10563 4375 4272 4633 4718 8618 1481 1343 9444 2412 449 10219 8225 569 3250 9170 9432 9986 6613 9509 1011 7426 1333 7361 4518 7726 4365 2926 6947 7783 7861 4753 7995 6316 2701 4264 6542 5019 9316 7306 5004 526 4475 5135 5337 2802 12232 18654 9511 1933 13744 8827 1485 917 8438 4291 4045 10998 8740 1615 1672 1184 4877 7080 7489 5923 8909 1280 4201 10770 1415 5364 2935 1339 7977 809 5817 107 8070 11152 10112 525 5808
12548 6357 1433 1064 5332 2169 1362 2705 1204 5049 1822 7317 3460 5163 1251 11482 4579 14244 12186 2391 5702 4495 961 3123 0 11821 4500 6608 2374 2908 6657 1436 5162 12277 4868 6791 2596 2233 13413 2490 4384 2286 6736 4289 2224 10789 2106 1476 4533 6849 4372 10969 6093 4953 5520 2749 12445 8262 3893 2531 12229 2305 3383 3421 2686 2923 2984 2927 3681 12981 4928 7752 1678 3475 6378 1949 5647 3494 1858 12419 3190 3093 7105 6550 3687 844 12292 7568 13103 3572 6527 3280 4380 2415 10466 6535 10837 5791 2141 6264 4848 10872 6816 11042 9374 427 5622 6478 2216 12371 5049 1910 2718 5988 3517 5831 1529 14755 15629 12522 2832 11001 5791 2491 2357 11544 1605 1017 13309 8009 1590 4688 1939 6775 9031 4899 4572 6805 4059 1769 7750 1734 2246 216 2201 4962 3800 5574 3224 10645 8080 12951 3504 5013
4408 17512 10577 10757 9492 9749 10500 9459 11673 7485 11340 4550 9189 7168 10683 15578 9422 2924 5321 9898 6280 14451 10987 9149 11821 0 15746 5215 9819 9169 9244 13249 9037 6928 14813 17604 10618 9725 2574 9543 7439 14089 16945 7850 9792 2955 10628 10635 7472 8579 8591 4313 9251 9230 7606 9497 4067 7777 11021 10005 4994 9608 9092 8415 9421 9069 10342 8911 14775 1231 7000 19317 11975 9532 5659 12214 17228 9867 10082 5372 8724 9431 16988 10397 8625 11381 3234 17370 3197 15228 17881 9669 15925 10428 3163 5377 4175 6348 10016 8571 13878 2068 5096 2259 5354 11496 6529 7550 12398 4745 11743 13603 9672 6132 10513 7137 10518 3084 12220 5125 10771 17135 17103 10534 9615 2809 11929 12299 2070 8295 10686 7486 10159 5220 9304 16632 9988 11404 8966 13311 18198 10456 13782 11605 9653 16521 8343 8140 9043 7316 17730 1271 9038 9070
13675 3815 5925 5475 8964 6260 5849 6405 5178 9523 5749 11304 6571 9661 5752 8566 8504 18627 12786 5955 10153 1632 5456 6669 4500 15746 0 10845 6058 6712 9970 3158 9073 11739 4858 2323 5140 6253 15824 6380 8623 2393 4746 7957 6156 13445 5184 5943 9014 10435 7156 12684 9591 6641 9875 6344 13837 11802 7176 5800 13040 6396 6684 7632 6461 6849 5404 7151 3685 16969 8875 4133 5180 7727 10833 5126 3005 5881 5935 12908 7662 6350 5060 9253 7164 5205 14293 3068 15003 2673 3670 6080 2843 5355 13134 10921 12696 10281 6618 10037 5679 14032 11193 14019 11136 4697 10114 10611 5121 13312 7432 3342 6143 10472 7255 10242 6016 18713 12014 13151 4975 7108 3456 5235 6347 14015 5179 4497 17664 11374 5237 8301 5778 11204 8222 1223 8209 8794 6780 2753 4821 5471 3472 4693 6421 2863 7478 9736 6772 10478 5388 16423 6728 8958
7526 12699 5381 5546 5914 4600 5286 4462 6525 3029 6295 1039 4536 2586 5475 16494 5336 7794 7876 4913 1416 10065 5776 4257 6608 5215 10845 0 4797 4148 6600 8042 5277 9178 10345 13146 5882 4598 7177 4465 2243 8887 12708 3068 4689 5084 5707 5454 2431 6056 4361 6152 6190 5622 3711 4541 7235 6410 6707 5117 7677 4461 4347 3234 4396 3999 5738 3727 9790 6377 2063 14314 6903 4822 1241 7189 12134 5438 4931 8086 3541 4646 12999 7665 3855 6183 6636 13690 7244 10058 12959 5071 10812 5589 4862 723 5932 1787 4875 5579 9668 4703 731 4981 5445 6297 1912 4566 7425 7614 7996 8402 4769 1634 5996 3334 5330 8190 16943 7987 6151 17486 12161 5743 4499 5759 6845 7115 6828 6708 5608 2835 5067 1051 8789 11482 5977 8767 4643 8178 14027 5373 8615 6393 4470 11419 3477 4491 4164 8276 14142 6390 4351 5211
10195 8648 2154 1565 6142 642 1769 361 3118 4476 3440 5277 1160 4356 2017 13839 5239 12572 9905 168 4353 5345 2126 751 2374 9819 6058 4797 0 654 7493 3595 5711 10240 7216 8348 1322 518 11095 387 2631 4362 9095 1999 368 8439 941 2333 3448 7421 2074 8605 6877 3023 5281 375 10078 8649 5322 529 9917 670 1027 1696 403 804 1442 1318 6055 11040 2828 9863 3690 3942 5005 4028 7884 1642 680 10144 2324 793 9467 7825 1319 2554 9921 8924 10737 5867 8775 1221 6680 940 8112 4966 8468 4635 2468 6755 7085 8596 5220 8737 7037 1950 4511 6491 4328 10039 6756 4253 418 4775 4668 5388 2219 12894 17937 10221 1688 13074 8084 1134 495 9189 3606 3311 11607 8581 881 2389 439 5300 7476 6813 5542 8417 1826 3500 10031 668 4613 2189 918 7236 1497 5697 855 8652 10405 10820 1158 5552
9748 9241 2388 1970 6030 800 2039 316 3487 4066 3706 4624 1053 3893 2303 14388 5122 11918 9533 764 3771 5964 2483 423 2908 9169 6712 4148 654 0 7347 4200 5542 10011 7670 8998 1841 699 10514 418 2014 4987 9644 1387 683 7881 1564 2560 2956 7204 1838 8146 6734 3035 4922 429 9607 8352 5426 1016 9517 703 810 1146 252 230 1846 904 6577 10389 2174 10501 4048 3848 4409 4393 8494 1857 1061 9774 2004 817 10012 7802 842 2941 9395 9560 10200 6454 9383 1385 7267 1491 7558 4341 7996 4086 2516 6535 7455 7993 4589 8147 6629 2499 3973 6156 4693 9619 6905 4813 692 4210 4721 4976 2428 12241 18536 9830 2179 13721 8676 1670 575 8636 3965 3778 10952 8334 1518 1785 1008 4684 7504 7463 5500 8494 1702 4144 10630 1292 5153 2708 948 7833 892 5415 459 8467 10983 10185 945 5388
13423 8366 5628 6408 1369 6850 5985 7497 5486 3852 4843 7569 8399 4265 5840 9919 2256 9491 14115 7650 5323 10807 5956 7767 6657 9244 9970 6600 7493 7347 0 7316 1806 15648 5771 11405 8645 6975 11796 7192 6343 7788 7701 7727 7125 11088 8080 5476 5026 671 9043 12478 615 10373 2971 7651 13072 1832 2895 8008 13835 6837 8145 6460 7383 7133 8893 6467 6437 9579 7218 10076 5179 3553 5364 5084 8463 9129 6904 14266 5379 8141 7778 1194 7955 5834 12257 12336 12426 7392 8758 8681 7584 8283 10996 5892 12254 4867 5083 1025 4788 10310 6000 10649 12043 6828 4790 2068 4988 13666 2667 6770 7866 4982 3139 3279 5528 10257 12175 14079 9003 11699 8126 8461 7022 11508 5220 6001 9022 1423 7467 7894 7262 5662 14781 9421 2089 2314 9015 8046 9037 7382 6544 6604 6576 7970 7642 2210 7778 14869 8757 10353 8270 1959
13473 5053 2803 2495 6108 3530 2791 3952 2044 6368 2655 8725 4536 6526 2650 10269 5499 15650 12937 3565 7128 3508 2345 4336 1436 13249 3158 8042 3595 4200 7316 0 6087 12665 4053 5399 3341 3572 14682 3794 5810 850 5557 5585 3531 12007 3027 2801 5950 7643 5391 11968 6823 5630 6730 3959 13435 9069 4422 3594 13045 3670 4524 4836 3959 4255 3734 4340 2678 14417 6306 6345 2167 4594 7800 2232 4293 4293 3202 13151 4616 4198 5934 6932 4904 2052 13423 6215 14254 2283 5183 4223 3094 3317 11676 7970 11868 7196 3475 7137 4331 12190 8251 12332 10317 1756 7023 7549 2353 13233 5203 871 3860 7397 4293 7087 2885 16187 14346 13302 3432 9593 4491 3313 3691 12747 2142 1386 14728 8732 2721 5979 3193 8203 9139 3464 5328 6901 5035 761 6436 2926 1295 1650 3602 3641 5084 6653 4443 11062 6819 14354 4624 5954
12664 8475 3967 4739 643 5069 4296 5699 4088 2285 3446 6306 6593 2731 4186 11232 589 10081 13133 5870 3887 9572 4349 5962 5162 9037 9073 5277 5711 5542 1806 6087 0 14441 5777 10934 6904 5192 11581 5398 4619 6717 8050 5956 5344 10201 6349 3835 3343 1741 7241 11412 1199 8566 1604 5854 12338 3110 2041 6231 12911 5048 6339 4661 5584 5327 7129 4660 5972 9691 5528 10291 3932 1805 4117 3950 8324 7338 5146 13332 3574 6340 8230 2515 6151 4318 11611 11869 12003 6776 8847 6885 7194 6533 10034 4630 11189 3490 3358 1108 4867 9584 4807 9912 10647 5257 3368 1587 3958 12813 2840 5733 6075 3655 1819 2054 3862 10817 13944 13206 7269 12613 8097 6716 5232 10767 3948 4704 9401 2922 5755 6148 5505 4502 12987 8823 962 3538 7208 6748 9462 5649 5620 5070 4792 7700 5846 908 5972 13338 9336 10275 6464 159
2522 14997 12378 11786 15083 10772 12003 10035 13312 12158 13681 8163 9085 11711 12256 14353 14400 8004 1629 10146 10554 10222 12355 9627 12277 6928 11739 9178 10240 10011 15648 12665 14441 0 16493 11542 9681 10648 4720 10353 10071 12800 15934 9025 10553 4601 10192 12555 11202 15009 8193 3172 15339 7337 12889 9919 2860 14615 15353 9888 1948 10703 9260 10405 10116 10147 9297 10649 15094 7076 9131 13714 13877 13471 10378 14194 14469 8809 10919 1556 11485 9447 16034 16805 9190 12750 3696 10798 3868 14185 14648 9097 14571 9890 4664 9852 3394 10963 12493 14679 16996 5446 9709 5114 3813 11889 11077 13588 14480 2184 16855 13530 9825 10811 14591 12494 12429 7357 11114 1804 9455 12678 14931 9794 10543 4290 13794 13290 7976 15113 10779 8717 10644 10037 3626 12826 15007 17933 8414 11978 14902 10715 13947 12175 10959 14568 9330 13667 9561 1632 15335 6133 9120 14360
17411 2699 5405 5700 5328 6874 5683 7521 4214 7531 4193 11324 8328 7916 5424 6813 5417 15092 16988 7251 8995 6297 5201 7950 4868 14813 4858 10345 7216 7670 5771 4053 5777 16493 0 5685 7334 6971 17348 7260 8532 3753 2379 8978 7006 15329 6928 5264 7916 6396 9240 15816 5643 9670 7253 7587 17275 7493 3830 7398 17077 6989 8239 7791 7481 7625 7733 7375 1427 15339 9346 4514 3687 5549 9490 3350 2692 8281 6617 17204 6988 7959 2653 4753 8497 4737 16922 6593 17589 2308 3077 8129 2033 7235 15045 9907 15666 8779 5662 6293 983 15046 10157 15326 14242 5295 8608 7273 3065 17237 3132 3192 7580 8990 4429 7726 5406 15835 10924 17349 7468 7182 2370 7273 7095 16061 3765 3905 14770 6989 6457 9367 6777 9931 12868 3916 4831 4036 8922 4651 3770 6599 2770 5036 6795 2254 8530 6678 8044 15002 3799 16035 8365 5748
13958 3455 8199 7790 10680 8579 8150 8687 7341 11745 7853 13524 8750 11924 8037 6832 10410 18969 12985 8235 12472 3253 7736 8920 6791 17604 2323 13146 8348 8998 11405 5399 10934 11542 5685 0 7334 8567 16255 8683 10938 4574 4404 10185 8466 14748 7448 8200 11322 11987 9218 13557 11174 8433 11981 8614 14239 13173 8912 8052 13300 8714 8893 9950 8750 9146 7548 9472 5016 18505 11138 2629 7239 9836 13152 7111 3042 7966 8256 13014 9972 8569 4567 10437 9384 7447 14961 942 15378 4157 3110 8234 3829 7590 14501 13244 13652 12583 8874 11743 6658 15568 13516 15428 12316 7011 12413 12520 7034 13580 8738 5391 8398 12779 9169 12389 8284 18276 9799 13278 7118 4990 3462 7452 8659 15074 7255 6656 19517 12673 7547 10504 8088 13527 8578 2118 9996 9668 8857 5068 3735 7781 5394 6991 8744 3443 9724 11710 9019 10742 4325 17561 8920 10844
10139 8237 3060 2301 7277 1902 2682 1537 3680 5798 4172 6192 1430 5677 2866 13461 6394 13495 9665 1157 5613 4183 2839 1632 2596 10618 5140 5882 1322 1841 8645 3341 6904 9681 7334 7334 0 1800 11459 1707 3844 3931 8855 2852 1644 8776 572 3229 4762 8638 2121 8627 8033 2365 6590 1412 10093 9915 6216 829 9743 1969 1559 2977 1641 2051 398 2636 6008 11849 3828 9174 4224 5103 6245 4525 7412 953 1764 9890 3638 1240 9233 8832 2051 3144 10109 7809 10942 5572 8288 961 6358 387 8444 6148 8531 5924 3561 7980 7424 9117 6386 9195 6975 2212 5808 7788 4804 9915 7538 4160 1154 6052 5653 6709 3152 13688 17134 10017 372 12248 7696 192 1809 9490 4144 3611 12549 9812 1205 3172 1406 6504 6547 6071 6615 9272 1746 2962 9560 1263 4574 2498 2182 6844 2407 6970 1720 8050 10019 11467 1591 6744
10447 8586 1730 1271 5626 130 1364 613 2793 4006 3042 5176 1576 3913 1624 13700 4722 12391 10221 680 4011 5672 1788 1026 2233 9725 6253 4598 518 699 6975 3572 5192 10648 6971 8567 1800 0 11180 299 2371 4383 8960 2058 157 8563 1339 1907 3032 6903 2454 8845 6359 3508 4789 739 10306 8137 4853 1044 10210 172 1387 1384 534 690 1954 929 5886 10931 2738 9908 3358 3426 4679 3701 7857 2156 374 10461 1839 1237 9326 7324 1534 2243 10087 9196 10888 5798 8743 1723 6609 1413 8242 4690 8695 4256 1971 6238 6766 8644 4956 8810 7323 1836 4121 5990 4002 10316 6307 4143 903 4409 4181 4915 1782 12771 17857 10522 2172 13149 8019 1609 125 9319 3274 3081 11426 8064 1024 2457 492 5003 7974 6917 5035 7943 2253 3593 9978 793 4472 2027 399 7184 1577 5186 1104 9079 10313 10787 1527 5034
2317 19639 12452 12396 12057 11244 12267 10743 13646 9851 13471 6273 10160 9485 12498 15074 11931 3443 3286 11118 8457 14195 12776 10349 13413 2574 15824 7177 11095 10514 11796 14682 11581 4720 17348 16255 11459 11180 0 10929 9204 15381 19369 9128 11195 2686 11682 12555 9594 11137 9344 3145 11823 9440 10096 10727 2072 10239 13520 11095 2980 11110 10160 10079 10746 10489 11095 10551 16951 2370 8520 18137 14069 11871 7917 14364 18799 10541 11555 3243 10680 10488 19134 12926 9780 13226 1532 15511 890 16962 19365 10520 17775 11409 3018 7534 3150 8628 12030 11146 16443 2559 7272 2370 4742 13012 8803 10120 14602 2698 14317 15323 10821 8413 12945 9622 12420 2965 10978 2979 11470 15365 19155 11446 11056 1971 14006 14160 3263 10759 11962 8729 11510 7471 7815 17048 12521 13875 9715 14420 18821 11764 15635 13205 11237 18302 9622 10677 10243 5580 18528 1468 10062 11604
10155 8829 2026 1560 5852 419 1662 325 3090 4096 3340 4993 1294 3970 1923 13970 4946 12255 9923 550 3973 5715 2085 728 2490 9543 6380 4465 387 418 7192 3794 5398 10353 7260 8683 1707 299 10929 0 2271 4591 9226 1801 266 8299 1320 2203 3060 7094 2159 8555 6576 3247 4912 468 10019 8298 5132 896 9914 368 1094 1317 236 474 1803 930 6159 10757 2543 10112 3655 3654 4630 3999 8087 1940 644 10163 1955 970 9594 7577 1239 2538 9813 9279 10618 6041 8976 1489 6853 1327 7976 4605 8407 4250 2236 6426 7064 8404 4864 8561 7026 2083 4124 6128 4300 10021 6593 4396 677 4391 4450 5009 2076 12605 18120 10225 2070 13342 8263 1520 191 9054 3572 3364 11289 8245 1149 2199 616 4933 7720 7092 5281 8218 1969 3767 10219 916 4735 2290 639 7422 1309 5347 805 8788 10568 10579 1234 5241
9053 10622 3249 3319 5229 2364 3096 2328 4443 2558 4342 2956 2696 2231 3309 15276 4402 10025 9134 2766 1788 7974 3600 2235 4384 7439 8623 2243 2631 2014 6343 5810 4619 10071 8532 10938 3844 2371 9204 2271 0 6652 10794 1468 2474 6799 3568 3351 1332 6009 2936 7499 5781 4355 3486 2437 8824 6895 5340 3027 9019 2227 2451 993 2243 1828 3792 1484 7750 8616 940 12129 4895 3406 2401 5214 9984 3643 2692 9370 1550 2675 11126 7122 2023 4034 8391 11550 9109 7896 10842 3200 8677 3504 6514 2335 7303 2160 2872 5376 8032 6650 2593 6877 6299 4059 2083 4699 5483 9037 6811 6223 2690 2251 4570 3377 3216 10433 18456 9345 4163 15370 10065 3679 2280 7540 4826 4973 9061 7004 3392 1557 2852 2671 8475 9240 4962 8062 3067 5936 11999 3158 6472 4168 2227 9279 1613 4165 2165 8769 12223 8575 2509 4493
13937 4329 3642 3342 6666 4350 3641 4723 2791 7175 3356 9553 5226 7350 3495 9567 6139 16480 13296 4316 7976 3044 3190 5089 2286 14089 2393 8887 4362 4987 7788 850 6717 12800 3753 4574 3931 4383 15381 4591 6652 0 4926 6362 4332 12695 3703 3631 6795 8179 6038 12510 7343 6098 7485 4716 13945 9590 4911 4301 13445 4490 5242 5673 4741 5058 4306 5177 2325 15264 7121 5524 2796 5335 8646 2773 3533 4865 4019 13492 5464 4908 5303 7262 5651 2874 14034 5414 14865 1658 4423 4862 2427 3972 12362 8820 12432 8036 4302 7724 4228 12948 9101 13067 10847 2593 7862 8231 2814 13660 5465 1018 4593 8239 4900 7861 3722 17036 13575 13672 3954 8768 3777 3936 4499 13418 2791 2107 15571 9212 3481 6751 3980 9052 9191 2614 5894 7071 5669 978 5690 3699 1298 2499 4436 2921 5860 7349 5197 11255 6110 15169 5332 6594
18338 986 7572 7712 7539 8885 7793 9437 6365 9905 6465 13665 10092 10295 7549 4746 7743 15941 17372 9089 11372 6379 7288 9846 6736 16945 4746 12708 9095 9644 7701 5557 8050 15934 2379 4404 8855 8960 19369 9226 10794 4926 0 11018 8960 17524 8583 7454 10277 8367 10944 17361 7716 10972 9582 9469 18564 9202 6180 9147 17674 9013 10067 9971 9423 9646 9232 9517 3084 17016 11540 2378 5898 7927 11869 5582 1740 9792 8588 17417 9277 9749 378 6549 10415 6827 18954 5137 19749 3284 1294 9770 2498 8868 17202 12286 17322 11158 7930 8404 3192 17409 12536 17666 15717 7151 10987 9457 5322 17957 5257 4842 9399 11368 6805 10054 7592 16453 8896 17681 8876 4805 1300 8850 9085 18280 5967 5911 16107 8682 8248 11417 8668 12309 12827 3526 7132 5563 10582 5902 1414 8433 4490 6936 8862 2072 10534 8958 9950 15070 1438 17944 10174 8040
8463 10629 3591 3312 6533 2134 3295 1638 4764 4012 4879 3349 1469 3699 3555 15753 5660 10671 8342 2058 3145 7019 3779 1299 4289 7850 7957 3068 1999 1387 7727 5585 5956 9025 8978 10185 2852 2058 9128 1801 1468 6362 11018 0 2067 6505 2781 3746 2783 7438 1479 6859 7144 2893 4939 1655 8297 8362 6328 2159 8291 2008 1294 1383 1625 1372 2675 1658 7941 9078 1009 11857 5304 4511 3665 5648 9878 2377 2431 8584 2490 1615 11383 8409 801 4244 8037 10648 8832 7841 10768 2003 8654 2603 6185 3443 6695 3569 3510 6791 8675 6607 3646 6760 5427 3884 3515 6161 5944 8366 7832 6197 1823 3625 5572 4845 3605 10933 19890 8612 3095 15042 10063 2733 1933 7262 5224 5124 9715 8460 2880 399 2391 3826 7059 8788 6157 9261 1658 5492 12017 2663 6530 4085 2183 9220 502 5589 1192 7588 12368 8822 1285 5818
10408 8563 1826 1309 5773 274 1449 528 2851 4160 3130 5241 1470 4063 1706 13705 4871 12483 10160 526 4139 5543 1848 956 2224 9792 6156 4689 368 683 7125 3531 5344 10553 7006 8466 1644 157 11195 266 2474 4332 8960 2067 0 8565 1190 2004 3176 7057 2364 8810 6509 3378 4946 633 10275 8294 4973 889 10157 325 1297 1497 475 726 1798 1060 5895 11003 2795 9855 3419 3573 4804 3762 7823 2011 389 10400 1995 1119 9328 7460 1491 2295 10076 9081 10883 5775 8711 1584 6587 1257 8242 4802 8664 4393 2104 6392 6826 8669 5065 8827 7271 1816 4260 6148 4063 10269 6417 4130 769 4543 4309 5070 1884 12847 17853 10467 2015 13090 7997 1452 196 9319 3336 3105 11517 8219 919 2466 378 5121 7839 6845 5175 8065 2146 3520 9953 684 4470 2024 553 7157 1575 5343 1043 8976 10301 10837 1436 5185
2467 17014 9979 9812 10803 8639 9742 8093 11186 8070 11141 4063 7476 7642 9990 17751 10362 5466 3027 8452 6490 11899 10245 7688 10789 2955 13445 5084 8439 7881 11088 12007 10201 4601 15329 14748 8776 8563 2686 8299 6799 12695 17524 6505 8565 0 8997 10105 7475 10431 6659 1502 10867 6845 8597 8066 2157 10059 11791 8414 2755 8510 7483 7577 8104 7877 8417 8021 14442 3807 6009 17373 11676 9897 6115 12004 16178 7868 8936 3187 8340 7809 17886 12276 7119 10708 1592 14415 2336 14291 17029 7834 15100 8723 332 5630 1312 6794 9671 10177 14742 946 5421 695 2432 10377 6947 9072 12279 2621 13019 12689 8148 6602 11079 8150 9965 5268 13608 3025 8801 17204 16471 8760 8438 757 11603 11616 4840 10540 9295 6106 8862 5708 6369 14617 11005 13402 7031 11736 18263 9104 13035 10588 8664 15616 6990 9326 7583 4527 18790 3011 7382 10167
10513 8033 2487 1730 6712 1422 2110 1248 3139 5340 3611 6122 1522 5252 2293 13270 5833 13443 10094 802 5293 4406 2272 1486 2106 10628 5184 5707 941 1564 8080 3027 6349 10192 6928 7448 572 1339 11682 1320 3568 3703 8583 2781 1190 8997 0 2656 4364 8087 2364 8967 7470 2855 6101 1166 10443 9382 5647 624 10152 1511 1556 2636 1325 1739 908 2238 5647 11859 3694 9104 3692 4546 5947 4003 7230 1388 1233 10324 3169 1216 8961 8260 2005 2594 10396 7996 11226 5302 8117 1206 6105 309 8665 5901 8855 5569 2999 7432 6955 9260 6152 9367 7334 1700 5441 7280 4288 10310 6981 3797 959 5712 5080 6246 2580 13713 17180 10437 922 12262 7479 411 1376 9729 3611 3122 12482 9264 633 3142 889 6239 7112 6016 6044 8710 2015 2769 9388 700 4197 1986 1692 6623 2295 6447 1590 8565 9813 11560 1634 6190
12203 7279 179 936 4111 1783 568 2519 1092 3583 1147 6290 3475 3724 365 12078 3274 12850 12070 2448 4382 5956 535 2930 1476 10635 5943 5454 2333 2560 5476 2801 3835 12555 5264 8200 3229 1907 12555 2203 3351 3631 7454 3746 2004 10105 2656 0 3188 5567 4361 10602 4879 5341 4048 2637 12023 6942 3014 2753 12033 1859 3294 2530 2439 2454 3535 2112 4398 11728 4096 8862 1577 2065 5039 1914 6680 3902 1653 12312 1914 3120 7795 5604 3399 760 11686 9009 12435 4606 7516 3533 5360 2903 9805 5264 10433 4409 675 4943 4931 10002 5546 10225 9155 1450 4233 5044 2205 12113 4423 2970 2752 4614 2424 4354 142 13419 16150 12352 3566 12058 6728 3059 2013 10857 1500 1665 11941 6746 2024 4123 1966 5459 9743 6221 3408 6104 4150 3240 8649 1988 3161 1321 1615 5966 3337 4145 3000 10981 8876 11840 3434 3679
9872 10301 3157 3539 3971 2968 3172 3237 4201 1229 3898 3417 3846 950 3299 14366 3202 9710 10102 3609 1195 8668 3605 3289 4533 7472 9014 2431 3448 2956 5026 5950 3343 11202 7916 11322 4762 3032 9594 3060 1332 6795 10277 2783 3176 7475 4364 3188 0 4678 4224 8403 4478 5639 2156 3377 9602 5586 4368 3937 9944 2861 3585 1815 3127 2731 4803 2130 7395 8542 2194 11988 4522 2430 1853 4790 9792 4766 3241 10328 1352 3737 10569 5858 3228 3947 9047 12065 9673 7755 10582 4300 8470 4387 7229 2098 8192 1270 2547 4048 7267 7133 2376 7409 7389 4317 1113 3379 5012 9918 5761 6153 3642 1458 3623 2083 3084 10243 17133 10264 5117 15067 9777 4578 2988 8171 4471 4840 8779 5677 4008 2889 3515 2271 9806 9401 3806 6850 4312 6261 11605 3795 6310 4332 2732 9076 2840 2836 3248 10000 11711 8706 3671 3229
12754 9016 5704 6478 1537 6784 6037 7385 5722 3463 5073 6998 8242 3847 5921 10496 2292 8940 13457 7584 4838 11151 6073 7616 6849 8579 10435 6056 7421 7204 671 7643 1741 15009 6396 11987 8638 6903 11137 7094 6009 8179 8367 7438 7057 10431 8087 5567 4678 0 8815 11837 843 10188 2545 7540 12402 1428 3272 7947 13173 6754 7982 6238 7268 6982 8851 6305 6987 8945 6843 10740 5478 3546 4814 5426 9085 9032 6876 13604 5204 8014 8448 1863 7744 6009 11585 12924 11757 7915 9408 8571 8158 8264 10348 5338 11614 4368 5099 668 5414 9644 5427 9982 11477 6973 4309 1489 5365 13000 3271 7165 7771 4464 3368 2785 5599 9705 12471 13413 9005 12342 8761 8449 6936 10841 5510 6287 8425 1181 7496 7567 7235 5086 14485 9963 2317 2973 8825 8347 9708 7386 6974 6773 6504 8568 7405 1848 7615 14330 9428 9701 8100 1900
