0 12704 12283 13803 17060 11905 2460 2924 12717 766 18898 4905 12169 12484 12562 4329 12178 13673 11464 12279 8257 12240 15926 15648 14403 11509 12764 11785 18070 12850 11007 18969 13395 13004 11946 15941 8004 17339 16839 12065 9130 12782 15655 1735 3443 12826 13818 13206 12483 15699 12224 7685 10671 15092 13242 11855 17091 13230 10616 13938 11881 9017 966
12704 0 14211 10578 7175 14892 15025 15578 13329 12734 7474 16238 14169 14129 14414 15441 12448 13405 15159 14466 14859 13577 7813 3457 10630 15583 12220 14381 6852 12078 10596 6832 13490 12226 14793 4746 14353 6646 7986 14793 13955 14342 9235 14440 15074 13860 10501 10993 13705 4376 14183 10389 15753 6813 13805 14694 5791 12441 11226 10164 15206 15184 13509
12283 14211 0 3956 7048 805 10476 9497 1007 12578 7137 9546 273 264 1031 10362 2702 1750 947 502 4640 1106 6430 10774 3681 1732 2516 646 9156 2637 5749 8614 1243 2339 668 9469 9919 7600 6235 838 4309 1492 4988 10723 10727 590 4040 3763 633 9841 155 8722 1655 7587 1427 484 8450 1918 5408 4380 1515 8343 11320
13803 10578 3956 0 4001 4760 13174 11929 2950 14466 5163 13186 3804 4009 4701 13929 1976 4410 4806 4393 5803 3052 2947 7397 780 5680 1642 3892 8143 1500 3192 7255 4016 1672 4624 5967 13794 4605 3313 4764 4799 4986 1896 12936 14006 3913 84 604 3336 6304 3863 6938 5224 3765 4516 4375 5316 2040 3363 427 5418 12173 12975
17060 7175 7048 4001 0 7717 17176 15925 6234 17822 1897 16459 7032 6955 7281 17289 5944 6378 7995 7291 9792 6572 1222 3726 3707 8457 5486 7299 4768 5360 6236 3829 6358 5368 7618 2498 14571 606 813 7623 8762 7293 2205 16841 17775 6685 3953 4586 6587 2875 7033 9378 8654 2033 6734 7532 1410 5416 6716 3711 8091 13227 16566
11905 14892 805 4760 7717 0 9933 9038 1813 12117 7627 8822 1000 786 721 9646 3450 1812 503 426 4759 1859 7171 11436 4463 927 3309 1142 9364 3434 6445 8920 1495 3143 140 10174 9120 8247 6908 189 4622 1136 5721 10270 10062 1032 4844 4566 1436 10550 915 9195 1285 8365 1390 493 9102 2721 6059 5184 757 7553 10958
2460 15025 10476 13174 17176 9933 0 1271 11153 2295 17525 2601 10434 10625 10506 2266 11239 11566 9563 10345 7391 10756 16044 18096 13504 9368 11718 10110 16924 11840 11232 17561 11410 11863 10005 17944 6133 17779 16446 10065 8434 10635 15000 959 1468 10940 13223 12591 10837 17856 10458 8772 8822 16035 11151 10004 18367 11888 10677 13471 9748 6823 1969
2924 15578 9497 11929 15925 9038 1271 0 10082 3084 16632 3234 9421 9672 9669 3197 10016 10771 8625 9431 6132 9653 14775 17730 12299 8591 10518 9069 17370 10635 9988 17604 10534 10683 9092 16945 6928 16521 15228 9189 7168 9867 13782 1231 2574 10005 11975 11340 9792 16988 9459 7777 7850 14813 10342 9043 17103 10757 9422 12214 8966 7316 2070
12717 13329 1007 2950 6234 1813 11153 10082 0 13115 6567 10456 864 1099 1886 11259 1833 2133 1879 1472 4654 510 5517 9939 2719 2739 1541 1065 8909 1653 4913 8256 1574 1337 1676 8588 10919 6810 5423 1833 4084 2280 4099 11281 11555 1126 3034 2761 389 8954 914 8154 2431 6617 1988 1432 7645 920 4648 3376 2504 9332 11753
766 12734 12578 14466 17822 12117 2295 3084 13115 0 19630 4484 12494 12756 12732 3825 12755 13818 11709 12513 8804 12661 16691 15921 15021 11622 13322 12131 17342 13419 11750 18276 13611 13541 12174 16453 7357 18063 17590 12263 9725 12895 16345 1855 2965 13089 14487 13863 12847 16168 12536 8451 10933 15835 13395 12126 17691 13711 11343 14629 12001 8466 1492
18898 7474 7137 5163 1897 7627 17525 16632 6567 19630 0 15516 7210 6967 7031 16223 6882 5961 8021 7223 10836 7013 2983 4198 4612 8159 6319 7566 3046 6221 7894 2118 6138 6105 7564 3526 12826 1744 2059 7486 9908 6891 3284 17848 17048 6640 5142 5766 6845 3837 7173 11237 8788 3916 6378 7596 2245 5949 8294 5000 7779 11647 18138
4905 16238 9546 13186 16459 8822 2601 3234 10456 4484 15516 0 9608 9602 9202 832 11262 10080 8604 9245 8098 10213 15971 19010 13161 8031 11545 9409 14357 11686 12468 14961 10119 11557 8933 18954 3696 16884 15682 8896 9157 9169 14534 3558 1532 9843 13260 12732 10076 19324 9586 10957 8037 16922 9729 9068 17683 11349 11832 13590 8389 4222 4565
12169 14169 273 3804 7032 1000 10434 9421 864 12494 7210 9608 0 524 1303 10417 2460 1990 1015 760 4416 864 6363 10753 3580 1923 2312 417 9319 2439 5492 8750 1462 2159 859 9423 10116 7595 6219 1066 4053 1766 4933 10642 10746 811 3888 3577 475 9792 117 8449 1625 7481 1686 571 8440 1784 5143 4231 1740 8553 11204
12484 14129 264 4009 6955 786 10625 9672 1099 12756 6967 9602 524 0 819 10425 2872 1486 1062 385 4901 1295 6385 10679 3682 1677 2638 911 8923 2752 5938 8398 990 2434 669 9399 9825 7495 6143 757 4573 1263 4936 10902 10821 347 4093 3856 769 9774 409 8967 1823 7580 1163 630 8348 1970 5617 4429 1412 8234 11523
12562 14414 1031 4701 7281 721 10506 9669 1886 12732 7031 9202 1303 819 0 10034 3689 1116 1224 570 5451 2115 6854 10965 4286 1176 3425 1615 8655 3533 6758 8234 925 3199 751 9770 9097 7782 6486 534 5246 471 5404 10899 10520 791 4785 4607 1584 10148 1186 9737 2003 8129 685 1053 8636 2694 6435 5111 812 7487 11625
4329 15441 10362 13929 17289 9646 2266 3197 11259 3825 16223 832 10417 10425 10034 0 11979 10911 9418 10071 8623 10998 16774 18638 13951 8862 12296 10205 14665 12435 12906 15378 10951 12326 9755 19749 3868 17693 16515 9723 9694 10001 15349 3208 890 10669 14001 13448 10883 19786 10399 10965 8832 17589 10561 9883 18451 12143 12287 14323 9221 4690 4139
12178 12448 2702 1976 5944 3450 11239 10016 1833 12755 6882 11262 2460 2872 3689 11979 0 3921 3311 3204 3955 1597 4923 9364 2293 4354 613 2357 9685 675 3080 8874 3378 920 3310 7930 12493 6551 5213 3527 3050 4105 3765 11087 12030 2956 2039 1470 2104 8257 2561 6434 3510 5662 3817 2975 7286 1411 2834 2347 4199 10976 11274
13673 13405 1750 4410 6378 1812 11566 10771 2133 13818 5961 10080 1990 1486 1116 10911 3921 0 2298 1512 6387 2554 6111 9989 3836 2198 3496 2395 7553 3566 6964 7118 564 3202 1805 8876 9455 6838 5610 1635 6037 936 4698 11997 11470 1180 4488 4474 2015 9253 1883 10286 3095 7468 431 2012 7684 2633 6755 4778 1818 7823 12739
11464 15159 947 4806 7995 503 9563 8625 1879 11709 8021 8604 1015 1062 1224 9418 3311 2298 0 815 4267 1783 7368 11721 4595 1093 3265 957 9850 3399 6208 9384 1934 3146 493 10415 9190 8544 7182 693 4175 1635 5931 9856 9780 1381 4890 4546 1491 10787 982 8789 801 8497 1882 464 9395 2798 5781 5234 1091 7665 10511
12279 14466 502 4393 7291 426 10345 9431 1472 12513 7223 9245 760 385 570 10071 3204 1512 815 0 4920 1609 6752 11010 4064 1291 3002 1045 9048 3120 6250 8569 1118 2809 340 9749 9447 7822 6482 371 4682 1042 5300 10663 10488 606 4478 4233 1119 10125 649 9169 1615 7959 1119 509 8677 2354 5903 4814 1032 7861 11326
8257 14859 4640 5803 9792 4759 7391 6132 4654 8804 10836 8098 4416 4901 5451 8623 3955 6387 4267 4920 0 4145 8660 12765 6243 5097 4518 4001 13521 4614 4404 12779 5878 4748 4702 11368 10811 10390 9116 4946 1073 5894 7681 7145 8413 5224 5846 5209 4543 11619 4515 4986 3625 8990 6031 4411 11034 4997 3761 6082 5278 9887 7331
12240 13577 1106 3052 6572 1859 10756 9653 510 12661 7013 10213 864 1295 2115 10998 1597 2554 1783 1609 4145 0 5779 10243 2952 2775 1481 841 9410 1615 4645 8744 1990 1380 1719 8862 10959 7160 5769 1930 3582 2553 4398 10840 11237 1443 3134 2763 553 9222 964 7743 2183 6795 2351 1398 7981 1158 4324 3479 2604 9408 11278
15926 7813 6430 2947 1222 7171 16044 14775 5517 16691 2983 15971 6363 6385 6854 16774 4923 6111 7368 6752 8660 5779 0 4484 2827 8002 4534 6569 5959 4398 5016 5016 5966 4472 7055 3084 15094 1766 1012 7110 7611 6961 1452 15628 16951 6165 2887 3498 5895 3443 6386 8255 7941 1427 6404 6905 2382 4631 5494 2604 7662 13576 15358
15648 3457 10774 7397 3726 11436 18096 17730 9939 15921 4198 19010 10753 10679 10965 18638 9364 9989 11721 11010 12765 10243 4484 0 7304 12138 9013 11004 4821 8876 8452 4325 10039 8957 11340 1438 15335 3189 4539 11335 11695 10923 5847 17197 18528 10404 7330 7902 10301 1148 10757 10057 12368 3799 10375 11258 2333 9087 9079 7017 11765 14961 16155
14403 10630 3681 780 3707 4463 13504 12299 2719 15021 4612 13161 3580 3682 4286 13951 2293 3836 4595 4064 6243 2952 2827 7304 0 5353 1785 3753 7515 1665 3970 6656 3508 1665 4335 5911 13290 4311 2942 4434 5296 4511 1502 13380 14160 3523 823 1269 3105 6270 3617 7715 5124 3905 4001 4140 5092 1812 4115 1001 5053 11657 13531
11509 15583 1732 5680 8457 927 9368 8591 2739 11622 8159 8031 1923 1677 1176 8862 4354 2198 1093 1291 5097 2775 8002 12138 5353 0 4235 2006 9540 4361 7297 9218 2101 4070 1067 10944 8193 8957 7660 920 5157 1275 6549 9812 9344 1842 5764 5494 2364 11322 1842 9810 1479 9240 1784 1379 9812 3640 6874 6103 380 6633 10596
12764 12220 2516 1642 5486 3309 11718 10518 1541 13322 6319 11545 2312 2638 3425 12296 613 3496 3265 3002 4518 1481 4534 9013 1785 4235 0 2317 9084 142 3469 8284 2979 326 3169 7592 12429 6092 4728 3354 3646 3803 3285 11619 12420 2651 1718 1284 1884 7935 2395 6964 3605 5406 3449 2870 6858 881 3310 2056 4030 10860 11849
11785 14381 646 3892 7299 1142 10110 9069 1065 12131 7566 9409 417 911 1615 10205 2357 2395 957 1045 4001 841 6569 11004 3753 2006 2317 0 9728 2454 5306 9146 1876 2221 1013 9646 10147 7874 6488 1265 3665 2086 5160 10283 10489 1222 3974 3601 726 10010 513 8123 1372 7625 2071 649 8710 1940 4916 4319 1898 8619 10819
18070 6852 9156 8143 4768 9364 16924 17370 8909 17342 3046 14357 9319 8923 8655 14665 9685 7553 9850 9048 13521 9410 5959 4821 7515 9540 9084 9728 0 9009 10935 942 7946 8820 9356 5137 10798 4366 5095 9185 12729 8335 6303 17874 15511 8575 8131 8735 9081 5249 9244 14086 10648 6593 7975 9525 4315 8527 11340 8019 9200 10150 18666
12850 12078 2637 1500 5360 3434 11840 10635 1653 13419 6221 11686 2439 2752 3533 12435 675 3566 3399 3120 4614 1615 4398 8876 1665 4361 142 2454 9009 0 3408 8200 3059 365 3294 7454 12555 5966 4606 3475 3724 3902 3161 11728 12555 2753 1577 1147 2004 7795 2519 6942 3746 5264 3535 3000 6728 936 3274 1914 4150 10981 11941
11007 10596 5749 3192 6236 6445 11232 9988 4913 11750 7894 12468 5492 5938 6758 12906 3080 6964 6208 6250 4404 4645 5016 8452 3970 7297 3469 5306 10935 3408 0 9996 6438 3773 6310 7132 15007 6739 5839 6548 3391 7183 4739 10654 12521 6036 3162 2768 5175 7330 5601 3745 6157 4831 6891 5953 7138 4343 643 3124 7202 13721 10350
18969 6832 8614 7255 3829 8920 17561 17604 8256 18276 2118 14961 8750 8398 8234 15378 8874 7118 9384 8569 12779 8744 5016 4325 6656 9218 8284 9146 942 8200 9996 0 7452 8037 8893 4404 11542 3443 4157 8750 11924 7966 5394 18505 16255 8052 7239 7853 8466 4567 8687 13173 10185 5685 7548 9019 3462 7790 10410 7111 8857 10742 19517
13395 13490 1243 4016 6358 1495 11410 10534 1574 13611 6138 10119 1462 990 925 10951 3378 564 1934 1118 5878 1990 5966 10039 3508 2101 2979 1876 7946 3059 6438 7452 0 2698 1449 8850 9794 6856 5565 1348 5490 1011 4523 11765 11446 654 4097 4023 1452 9228 1362 9724 2733 7273 499 1578 7711 2138 6209 4404 1733 8165 12444
13004 12226 2339 1672 5368 3143 11863 10683 1337 13541 6105 11557 2159 2434 3199 12326 920 3202 3146 2809 4748 1380 4472 8957 1665 4070 326 2221 8820 365 3773 8037 2698 0 3003 7549 12256 5970 4592 3170 3911 3557 3163 11807 12498 2414 1753 1424 1706 7900 2230 7289 3555 5424 3177 2728 6757 570 3630 2098 3842 10668 12078
11946 14793 668 4624 7618 140 10005 9092 1676 12174 7564 8933 859 669 751 9755 3310 1805 493 340 4702 1719 7055 11340 4335 1067 3169 1013 9356 3294 6310 8893 1449 3003 0 10067 9260 8153 6807 264 4535 1194 5606 10324 10160 941 4708 4426 1297 10442 774 9090 1294 8239 1392 367 9007 2586 5929 5049 892 7694 10995
15941 4746 9469 5967 2498 10174 17944 16945 8588 16453 3526 18954 9423 9399 9770 19749 7930 8876 10415 9749 11368 8862 3084 1438 5911 10944 7592 9646 5137 7454 7132 4404 8850 7549 10067 0 15934 2072 3284 10092 10295 9792 4490 17016 19369 9147 5898 6465 8960 378 9437 9202 11018 2379 9232 9950 1300 7712 7743 5582 10582 15070 16107
8004 14353 9919 13794 14571 9120 6133 6928 10919 7357 12826 3696 10116 9825 9097 3868 12493 9455 9190 9447 10811 10959 15094 15335 13290 8193 12429 10147 10798 12555 15007 11542 9794 12256 9260 15934 0 14568 14185 9085 11711 8809 13947 7076 4720 9888 13877 13681 10553 16034 10035 14615 9025 16493 9297 9561 14931 11786 14400 14194 8414 1632 7976
17339 6646 7600 4605 606 8247 17779 16521 6810 18063 1744 16884 7595 7495 7782 17693 6551 6838 8544 7822 10390 7160 1766 3189 4311 8957 6092 7874 4366 5966 6739 3443 6856 5970 8153 2072 14568 0 1390 8146 9354 7764 2809 17386 18302 7215 4556 5187 7157 2439 7592 9729 9220 2254 7210 8084 855 6006 7243 4308 8587 13341 16992
16839 7986 6235 3313 813 6908 16446 15228 5423 17590 2059 15682 6219 6143 6486 16515 5213 5610 7182 6482 9116 5769 1012 4539 2942 7660 4728 6488 5095 4606 5839 4157 5565 4592 6807 3284 14185 1390 0 6817 8110 6514 1447 16246 16962 5877 3274 3912 5775 3663 6220 9219 7841 2308 5953 6719 2222 4615 6260 3069 7297 12733 16165
12065 14793 838 4764 7623 189 10065 9189 1833 12263 7486 8896 1066 757 534 9723 3527 1635 693 371 4946 1930 7110 11335 4434 920 3354 1265 9185 3475 6548 8750 1348 3170 264 10092 9085 8146 6817 0 4796 947 5658 10420 10160 946 4848 4595 1470 10469 968 9354 1469 8328 1210 627 9001 2724 6176 5185 677 7506 11121
9130 13955 4309 4799 8762 4622 8434 7168 4084 9725 9908 9157 4053 4573 5246 9694 3050 6037 4175 4682 1073 3582 7611 11695 5296 5157 3646 3665 12729 3724 3391 11924 5490 3911 4535 10295 11711 9354 8110 4796 0 5714 6692 8136 9485 4857 4836 4198 4063 10548 4165 4663 3699 7916 5736 4196 9977 4246 2749 5053 5257 10649 8236
12782 14342 1492 4986 7293 1136 10635 9867 2280 12895 6891 9169 1766 1263 471 10001 4105 936 1635 1042 5894 2553 6961 10923 4511 1275 3803 2086 8335 3902 7183 7966 1011 3557 1194 9792 8809 7764 6514 947 5714 0 5525 11088 10541 1154 5068 4940 2011 10169 1648 10208 2377 8281 561 1518 8613 3026 6878 5385 900 7186 11863
15655 9235 4988 1896 2205 5721 15000 13782 4099 16345 3284 14534 4933 4936 5404 15349 3765 4698 5931 5300 7681 4398 1452 5847 1502 6549 3285 5160 6303 3161 4739 5394 4523 3163 5606 4490 13947 2809 1447 5658 6692 5525 0 14825 15635 4712 1867 2501 4470 4859 4950 8363 6530 2770 4971 5466 3598 3240 5063 1717 6211 12353 14861
1735 14440 10723 12936 16841 10270 959 1231 11281 1855 17848 3558 10642 10902 10899 3208 11087 11997 9856 10663 7145 10840 15628 17197 13380 9812 11619 10283 17874 11728 10654 18505 11765 11807 10324 17016 7076 17386 16246 10420 8136 11088 14825 0 2370 11235 12973 12334 11003 16902 10682 7927 9078 15339 11570 10271 17706 11922 10143 13178 10188 7780 1043
3443 15074 10727 14006 17775 10062 1468 2574 11555 2965 17048 1532 10746 10821 10520 890 12030 11470 9780 10488 8413 11237 16951 18528 14160 9344 12420 10489 15511 12555 12521 16255 11446 12498 10160 19369 4720 18302 16962 10160 9485 10541 15635 2370 0 11095 14069 13471 11195 19134 10743 10239 9128 17348 11095 10243 19155 12396 11931 14364 9715 5580 3263
12826 13860 590 3913 6685 1032 10940 10005 1126 13089 6640 9843 811 347 791 10669 2956 1180 1381 606 5224 1443 6165 10404 3523 1842 2651 1222 8575 2753 6036 8052 654 2414 941 9147 9888 7215 5877 946 4857 1154 4712 11235 11095 0 3997 3816 889 9524 708 9178 2159 7398 913 971 8070 1902 5752 4326 1529 8279 11867
13818 10501 4040 84 3953 4844 13223 11975 3034 14487 5142 13260 3888 4093 4785 14001 2039 4488 4890 4478 5846 3134 2887 7330 823 5764 1718 3974 8131 1577 3162 7239 4097 1753 4708 5898 13877 4556 3274 4848 4836 5068 1867 12973 14069 3997 0 638 3419 6233 3947 6906 5304 3687 4597 4459 5260 2124 3348 344 5502 12255 12998
13206 10993 3763 604 4586 4566 12591 11340 2761 13863 5766 12732 3577 3856 4607 13448 1470 4474 4546 4233 5209 2763 3498 7902 1269 5494 1284 3601 8735 1147 2768 7853 4023 1424 4426 6465 13681 5187 3912 4595 4198 4940 2501 12334 13471 3816 638 0 3130 6789 3652 6498 4879 4193 4518 4142 5878 1915 2857 894 5266 12089 12372
12483 13705 633 3336 6587 1436 10837 9792 389 12847 6845 10076 475 769 1584 10883 2104 2015 1491 1119 4543 553 5895 10301 3105 2364 1884 726 9081 2004 5175 8466 1452 1706 1297 8960 10553 7157 5775 1470 4063 2011 4470 11003 11195 889 3419 3130 0 9328 528 8294 2067 7006 1798 1043 7997 1309 4871 3762 2146 8976 11517
15699 4376 9841 6304 2875 10550 17856 16988 8954 16168 3837 19324 9792 9774 10148 19786 8257 9253 10787 10125 11619 9222 3443 1148 6270 11322 7935 10010 5249 7795 7330 4567 9228 7900 10442 378 16034 2439 3663 10469 10548 10169 4859 16902 19134 9524 6233 6789 9328 0 9808 9212 11383 2653 9610 10322 1643 8074 7951 5912 10960 15289 15943
12224 14183 155 3863 7033 915 10458 9459 914 12536 7173 9586 117 409 1186 10399 2561 1883 982 649 4515 964 6386 10757 3617 1842 2395 513 9244 2519 5601 8687 1362 2230 774 9437 10035 7592 6220 968 4165 1648 4950 10682 10743 708 3947 3652 528 9808 0 8567 1638 7521 1572 523 8438 1833 5256 4290 1644 8466 11259
7685 10389 8722 6938 9378 9195 8772 7777 8154 8451 11237 10957 8449 8967 9737 10965 6434 10286 8789 9169 4986 7743 8255 10057 7715 9810 6964 8123 14086 6942 3745 13173 9724 7289 9090 9202 14615 9729 9219 9354 4663 10208 8363 7927 10239 9178 6906 6498 8294 9212 8567 0 8362 7493 10091 8729 9801 7834 3686 6848 9880 14398 7277
10671 15753 1655 5224 8654 1285 8822 7850 2431 10933 8788 8037 1625 1823 2003 8832 3510 3095 801 1615 3625 2183 7941 12368 5124 1479 3605 1372 10648 3746 6157 10185 2733 3555 1294 11018 9025 9220 7841 1469 3699 2377 6530 9078 9128 2159 5304 4879 2067 11383 1638 8362 0 8978 2675 1192 10063 3312 5660 5648 1658 7588 9715
15092 6813 7587 3765 2033 8365 16035 14813 6617 15835 3916 16922 7481 7580 8129 17589 5662 7468 8497 7959 8990 6795 1427 3799 3905 9240 5406 7625 6593 5264 4831 5685 7273 5424 8239 2379 16493 2254 2308 8328 7916 8281 2770 15339 17348 7398 3687 4193 7006 2653 7521 7493 8978 0 7733 8044 2370 5700 5417 3350 8922 15002 14770
13242 13805 1427 4516 6734 1390 11151 10342 1988 13395 6378 9729 1686 1163 685 10561 3817 431 1882 1119 6031 2351 6404 10375 4001 1784 3449 2071 7975 3535 6891 7548 499 3177 1392 9232 9297 7210 5953 1210 5736 561 4971 11570 11095 913 4597 4518 1798 9610 1572 10091 2675 7733 0 1628 8060 2623 6637 4903 1404 7667 12308
11855 14694 484 4375 7532 493 10004 9043 1432 12126 7596 9068 571 630 1053 9883 2975 2012 464 509 4411 1398 6905 11258 4140 1379 2870 649 9525 3000 5953 9019 1578 2728 367 9950 9561 8084 6719 627 4196 1518 5466 10271 10243 971 4459 4142 1043 10322 523 8729 1192 8044 1628 0 8934 2353 5565 4802 1249 8011 10896
17091 5791 8450 5316 1410 9102 18367 17103 7645 17691 2245 17683 8440 8348 8636 18451 7286 7684 9395 8677 11034 7981 2382 2333 5092 9812 6858 8710 4315 6728 7138 3462 7711 6757 9007 1300 14931 855 2222 9001 9977 8613 3598 17706 19155 8070 5260 5878 7997 1643 8438 9801 10063 2370 8060 8934 0 6824 7689 4986 9440 13871 17030
13230 12441 1918 2040 5416 2721 11888 10757 920 13711 5949 11349 1784 1970 2694 12143 1411 2633 2798 2354 4997 1158 4631 9087 1812 3640 881 1940 8527 936 4343 7790 2138 570 2586 7712 11786 6006 4615 2724 4246 3026 3240 11922 12396 1902 2124 1915 1309 8074 1833 7834 3312 5700 2623 2353 6824 0 4190 2463 3382 10181 12283
10616 11226 5408 3363 6716 6059 10677 9422 4648 11343 8294 11832 5143 5617 6435 12287 2834 6755 5781 5903 3761 4324 5494 9079 4115 6874 3310 4916 11340 3274 643 10410 6209 3630 5929 7743 14400 7243 6260 6176 2749 6878 5063 10143 11931 5752 3348 2857 4871 7951 5256 3686 5660 5417 6637 5565 7689 4190 0 3378 6811 13172 9907
13938 10164 4380 427 3711 5184 13471 12214 3376 14629 5000 13590 4231 4429 5111 14323 2347 4778 5234 4814 6082 3479 2604 7017 1001 6103 2056 4319 8019 1914 3124 7111 4404 2098 5049 5582 14194 4308 3069 5185 5053 5385 1717 13178 14364 4326 344 894 3762 5912 4290 6848 5648 3350 4903 4802 4986 2463 3378 0 5836 12569 13149
11881 15206 1515 5418 8091 757 9748 8966 2504 12001 7779 8389 1740 1412 812 9221 4199 1818 1091 1032 5278 2604 7662 11765 5053 380 4030 1898 9200 4150 7202 8857 1733 3842 892 10582 8414 8587 7297 677 5257 900 6211 10188 9715 1529 5502 5266 2146 10960 1644 9880 1658 8922 1404 1249 9440 3382 6811 5836 0 6830 10964
9017 15184 8343 12173 13227 7553 6823 7316 9332 8466 11647 4222 8553 8234 7487 4690 10976 7823 7665 7861 9887 9408 13576 14961 11657 6633 10860 8619 10150 10981 13721 10742 8165 10668 7694 15070 1632 13341 12733 7506 10649 7186 12353 7780 5580 8279 12255 12089 8976 15289 8466 14398 7588 15002 7667 8011 13871 10181 13172 12569 6830 0 8780
966 13509 11320 12975 16566 10958 1969 2070 11753 1492 18138 4565 11204 11523 11625 4139 11274 12739 10511 11326 7331 11278 15358 16155 13531 10596 11849 10819 18666 11941 10350 19517 12444 12078 10995 16107 7976 16992 16165 11121 8236 11863 14861 1043 3263 11867 12998 12372 11517 15943 11259 7277 9715 14770 12308 10896 17030 12283 9907 13149 10964 8780 0
